6 0.017750 0.791393 0.035500 0.058662
39 0.279750 0.782621 0.068000 0.064145
58 0.312750 0.969024 0.049500 0.060855
58 0.160750 0.799616 0.010000 0.065241
58 0.572875 0.936952 0.027750 0.051535
6 0.664875 0.922423 0.035750 0.152961
58 0.726125 0.236294 0.018250 0.039474
58 0.416250 0.619518 0.019500 0.055921
58 0.685500 0.787555 0.027500 0.027961
58 0.037750 0.685581 0.045000 0.032346
59 0.766000 0.738213 0.009500 0.019189
58 0.831875 0.651590 0.023750 0.045504
36 0.553000 0.736842 0.042000 0.053728
58 0.692750 0.817708 0.019000 0.038925