12 0.492873 0.495000 0.101974 0.023500
50 0.458059 0.495875 0.021382 0.007250
31 0.578673 0.430125 0.053180 0.023250
59 0.624726 0.470750 0.034539 0.008000
59 0.488487 0.486500 0.024123 0.008000
59 0.500822 0.486625 0.015899 0.006750
59 0.526590 0.483250 0.018092 0.003000
59 0.370888 0.536625 0.022478 0.008250
59 0.385965 0.508500 0.010965 0.010000
33 0.370340 0.515250 0.036732 0.014000
33 0.284265 0.512500 0.037829 0.012500
59 0.255482 0.553250 0.014254 0.011000
59 0.298520 0.548750 0.020285 0.010500
59 0.139529 0.612875 0.020285 0.011750
59 0.064967 0.642125 0.013706 0.010750
59 0.174342 0.565375 0.030702 0.008250
36 0.110471 0.599625 0.144189 0.086750