14 0.312092 0.258425 0.624183 0.516850
16 0.176062 0.121936 0.309641 0.200368
14 0.395425 0.603860 0.790850 0.537990
12 0.574959 0.315717 0.249592 0.103860
10 0.725694 0.209712 0.221814 0.173713
10 0.877859 0.389859 0.244281 0.162684
13 0.814951 0.305147 0.245915 0.164828
50 0.968546 0.377604 0.062908 0.049326
4 0.694444 0.682292 0.609477 0.395221
7 0.424632 0.848192 0.070670 0.064645
36 0.177288 0.891391 0.354575 0.189032
0 0.445670 0.849571 0.287582 0.174632
0 0.795547 0.865809 0.408905 0.268382